  2.0000000e+000  2.6910345e+000  4.1166977e+000  2.8736142e+000  2.3500721e+000  4.2136460e+000  2.5233002e+000  2.6829337e+000  3.6293821e+000  3.6618004e+000  4.1636249e+000
  2.0000000e+000  2.0086662e+000  3.3342952e+000  2.4385126e+000  2.3175443e+000  3.2648185e+000  2.9960673e+000  1.1908915e+000  2.3290431e+000  3.0042227e+000  1.0949520e+000
  2.0000000e+000  2.0516623e+000  2.7547865e+000  3.1711009e+000  3.0590453e+000  2.1929060e+000  1.7702661e+000  3.6700188e+000  3.6371768e+000  2.5488111e+000  2.5818860e+000
  2.0000000e+000  3.8768240e+000  3.4584399e+000  2.2750298e+000  1.9303965e+000  3.7184311e+000  3.8951069e+000  2.8469326e+000  2.0494001e+000  2.1531916e+000  4.0252084e+000
  2.0000000e+000  2.8019292e+000  3.4003382e+000  4.2932003e+000  3.1111601e+000  1.4257881e+000  1.3082918e+000  2.5741316e+000  1.3390227e+000  3.6447541e+000  2.5546910e+000
  2.0000000e+000  3.9431361e+000  4.7450718e+000  1.9048799e+000  2.5076014e+000  3.2545993e+000  1.8537454e+000  1.7366497e+000  4.5013041e+000  1.7472255e+000  6.2151825e-001
  2.0000000e+000  4.5315978e+000  3.5862134e+000  4.0140383e+000  3.6475194e+000  3.3258088e+000  3.7060680e+000  1.9295812e+000  2.5333928e+000  3.8836431e+000  4.1158965e+000
  1.0000000e+000  3.4144396e+000  5.4657238e-001  2.4363685e+000  2.7054259e+000  2.8270194e+000  3.3928173e+000  2.2622437e+000  2.7413351e+000  2.9929181e+000  3.6863300e+000
  2.0000000e+000  4.1081498e+000  6.2073098e+000  3.7720923e+000  2.5371284e+000  4.2193914e+000  2.8518346e+000  3.5029442e+000  1.2412678e+000  2.1034586e+000  4.3626880e+000
  2.0000000e+000  2.0145291e+000  3.6896381e+000  2.6721055e+000  3.3894125e+000  3.8281148e+000  2.7251681e+000  2.8939265e+000  3.5581208e+000  2.9607918e+000  2.2771232e+000
  1.0000000e+000  2.8480114e+000  2.6950730e+000  3.0038849e+000  2.7251389e+000  3.6848014e+000  4.0788607e+000  2.2948710e+000  2.2239837e+000  3.5969796e+000  3.7081675e+000
  2.0000000e+000  3.6251324e+000  3.3002422e+000  3.9580869e+000  1.2849184e+000  2.7440360e+000  1.7218385e+000  2.4904751e+000  3.3573556e+000  3.2227959e+000  2.5696296e+000
  2.0000000e+000  2.5352748e+000  2.1081644e+000  1.7410593e+000  4.5613989e+000  3.9456708e+000  4.4696854e+000  4.0628096e+000  2.6133789e+000  2.9564717e+000  4.2998828e+000
  1.0000000e+000  3.7526032e+000  1.4721595e+000  3.8752234e+000  2.9855023e+000  4.2814104e+000  2.2200781e+000  2.8303074e+000  4.0870624e+000  3.1951259e+000  3.4846198e+000
  2.0000000e+000  3.9798383e+000  2.3227034e+000  2.2172030e+000  2.0716049e+000  3.2827466e+000  2.8786580e+000  2.3585764e+000  2.0913778e+000  3.7802231e+000  3.9092628e+000
  2.0000000e+000  4.1847869e+000  3.0991398e+000  3.0502441e+000  1.8836401e+000  3.2866535e+000  4.0547055e+000  2.8964890e+000  3.4706137e+000  2.5076294e+000  4.4868460e+000
  2.0000000e+000  1.6649008e+000  3.4673407e+000  1.6911405e+000  3.3107071e+000  3.4405185e+000  1.4198500e+000  1.6017902e+000  2.0156001e+000  3.1083067e+000  2.3429017e+000
  2.0000000e+000  2.7684877e+000  3.1913033e+000  4.3741605e+000  3.8603621e+000  3.6129347e+000  2.6544872e+000  3.4810454e+000  3.5193355e+000  4.0218829e+000  2.0609317e+000
  2.0000000e+000  4.0037115e+000  3.2876968e+000  2.2844166e+000  3.2109473e+000  1.8581322e+000 -2.5035021e-001  3.0307996e+000  5.8823254e-001  3.5350568e+000  1.4458098e+000
  2.0000000e+000  5.4794017e+000  3.3909996e+000  3.9046394e+000  1.8082337e+000  3.0524602e+000  3.0405626e+000  3.5728128e+000  2.8513863e+000  2.6231761e+000  3.3129671e+000
  2.0000000e+000  2.6950078e+000  4.3093213e+000  2.6674117e+000  4.2887955e+000  3.5025443e+000  3.6910104e+000  2.1543485e+000  2.5451243e+000  1.9640664e+000  4.1199995e+000
  2.0000000e+000  3.0345363e+000  2.9178412e+000  3.3698836e+000  2.0801641e+000  2.9340235e+000  2.1774298e-001  2.9389481e+000  3.1586394e+000  3.1222990e+000  4.4800728e+000
  2.0000000e+000  2.4830345e+000  2.0481573e+000  3.2627745e+000  8.0575747e-001  5.5742791e+000  2.5355052e+000  4.1109076e+000  4.5979073e+000  2.7238522e+000  2.9555041e+000
  2.0000000e+000  3.5711223e+000  4.8091998e+000  2.6941303e+000  4.2228696e+000  3.0204109e+000  3.6657742e+000  5.2324669e+000  2.8885026e+000  2.1851967e+000  1.8964877e+000
  2.0000000e+000  1.5824961e+000  3.7922201e+000  4.2500899e+000  3.2585944e+000  3.4738763e+000  1.1080322e+000  3.1778899e+000  1.7994811e+000  3.7479511e+000  3.8476127e+000
  2.0000000e+000  3.6116764e+000  1.5655016e+000  2.4577076e+000  3.9675668e+000  3.4223005e+000  3.1147346e+000  1.3667321e+000  2.7482682e+000  4.2404978e+000  1.4658517e+000
  1.0000000e+000  2.8892944e+000  3.2834923e+000  2.7609333e+000  3.5791529e+000  3.0051294e+000  1.4770010e+000  2.3576500e+000  4.1105220e+000  3.6695306e+000  3.4736832e+000
  2.0000000e+000  2.4296772e+000  5.1860998e+000  2.1687048e+000  3.3231083e+000  3.3192513e+000  3.0361225e+000  3.0829246e+000  3.1132854e+000  2.6662902e+000  2.1658417e+000
  2.0000000e+000  2.8901505e+000  3.1360004e+000  4.7886080e+000  4.3922048e+000  1.2599022e+000  3.3980950e+000  3.6142614e+000  4.4891685e+000  1.3987670e+000  2.9949658e+000
  2.0000000e+000  4.6420396e+000  2.7083766e+000  1.5633050e+000  2.5616187e+000  2.1335166e-001  6.5225290e+000  2.4726267e+000  2.3824810e+000  1.1281810e+000  2.8874514e+000
  2.0000000e+000  3.4799724e+000  1.4162062e+000  4.0062816e+000  3.1277903e+000  2.9846732e+000  4.3408417e+000  2.0658451e+000  2.9532380e+000  2.9969062e+000  2.5770713e+000
  2.0000000e+000  2.5399625e+000  3.6439468e+000  3.2970121e+000  2.6446109e+000  4.4636689e+000  3.3560262e+000  2.5903469e+000  2.3536400e+000  3.1323639e+000  2.5854536e+000
  2.0000000e+000  2.6184329e+000  4.5228821e+000  1.2989248e+000 -2.7554743e-001  3.4800244e+000  3.1284758e+000  3.1739029e+000  4.1886461e+000  4.5341462e-001  2.0908644e+000
  2.0000000e+000  4.6768181e+000  3.1316694e+000  2.3098435e+000  1.8928751e+000  3.5815610e+000  1.5588952e+000  2.5703321e+000  3.6109641e+000  3.3064265e+000  4.0527884e+000
  2.0000000e+000  3.6321828e+000  3.0607036e+000  4.7280183e+000  2.5763038e+000  1.3763074e+000  2.5757908e+000  3.5449681e+000  2.5391136e+000  3.9217426e+000  3.0663803e-001
  2.0000000e+000  4.8859740e+000  3.0227689e+000  3.1229234e+000  4.2359786e+000  2.4252016e+000  1.1334809e+000  1.9554935e+000  7.5869836e-001  3.1662570e+000  3.3749420e+000
  2.0000000e+000  2.7063799e+000  2.8229470e+000  3.1048373e+000  3.6752274e+000  1.7117797e+000  1.1994429e+000  3.1880897e+000  2.2436987e+000  2.2325799e+000  1.7373911e+000
  2.0000000e+000  3.2605305e+000  3.2372184e+000  4.5483405e+000  1.7204557e-001  3.5880496e+000  2.9168582e+000  2.3458107e+000  4.6265674e+000  4.2773777e+000  4.1647284e+000
  2.0000000e+000  4.7992370e+000  2.0370833e+000  4.6058911e+000  3.9064091e+000  3.0586562e+000  1.9982163e+000  3.3497473e+000  3.5146471e+000  4.3525466e+000  4.2901626e+000
  2.0000000e+000  2.7905559e+000  2.7508035e+000  3.5002090e+000  2.9365962e+000  2.1289275e+000  2.5246568e+000  1.5982532e+000  4.5651502e+000  1.8516249e+000  2.9352722e+000
  2.0000000e+000  2.7537050e+000  9.5031633e-001  3.0861421e+000  3.7875645e+000  4.5715838e+000  2.8325542e+000  1.1603159e+000  3.3570208e+000  3.1610917e+000  2.8497947e+000
  2.0000000e+000  3.5582529e+000  2.5942060e+000  3.8238245e+000  3.5681310e+000  3.0110447e+000  3.6130155e+000  3.6326565e+000  3.2008432e+000  4.4637670e+000  3.9100627e+000
  2.0000000e+000  1.6787027e+000  1.8892425e+000  3.3784503e+000  3.4246712e+000  4.6036407e+000  3.0234411e+000  3.7420244e+000  1.2579121e+000  1.2791942e+000  4.1548586e+000
  2.0000000e+000  3.0753441e+000  2.8096320e+000  2.4471646e+000  3.2743364e+000  2.2136388e+000  1.8190421e+000  3.4759597e+000  2.9076873e+000  1.5426855e+000  2.2215715e+000
  2.0000000e+000  3.0722334e+000  3.1662081e+000  4.7129891e+000  2.9646441e+000  2.4385352e+000  3.1523895e+000  4.3602186e+000  3.9772146e+000  3.3328779e+000  4.2475710e+000
  2.0000000e+000  3.6044151e+000  2.5224331e+000  3.4006678e+000  1.9434774e+000  3.4040211e+000  1.5397406e+000  3.0033510e+000  3.6799458e+000  3.2550170e+000  1.1330137e+000
  2.0000000e+000  4.9524912e+000  3.1229718e+000  2.8804973e+000  1.9515248e+000  3.9628330e+000  3.1313981e+000  2.6546839e+000  2.3181989e+000  3.5005249e+000  3.6668489e+000
  1.0000000e+000  2.9091764e+000  3.7002191e+000  2.4913081e+000  4.4322791e+000  2.2373780e+000  3.0634062e+000  2.5008161e+000  4.4570556e+000  3.2175543e+000  3.2874148e+000
  2.0000000e+000  2.2470143e+000  1.1427254e+000  2.8813574e+000  1.7195373e+000  4.8729351e+000  5.2859186e+000  1.7911149e+000  2.5166912e+000  3.9619449e+000  4.8861952e+000
  2.0000000e+000  2.8066575e+000  3.7440910e+000  2.1274251e+000  3.9059514e+000  1.7968549e+000  3.3531271e+000  3.7138801e+000  3.2122954e+000  2.6599492e+000  2.7014209e+000
  2.0000000e+000  4.1683916e+000  1.7778369e+000  4.7702964e+000  6.2691742e-001  1.9959948e+000  2.5121626e+000  5.0057574e+000  3.8658851e+000  3.4691914e+000  4.0260124e+000
  2.0000000e+000  3.1027020e+000  1.7533899e+000  2.0232442e+000  3.8123604e+000  2.5730219e+000  3.9322088e+000  2.1215702e+000  3.8363544e+000  2.5570722e+000  4.2642091e+000
  2.0000000e+000  4.3013187e+000  2.6799610e+000  3.4881888e+000  2.9364310e+000  2.6704076e+000  3.0213796e+000  2.6219488e+000  2.1626790e+000  3.2164667e+000  2.0976522e+000
  1.0000000e+000  2.1951542e+000  3.2510267e+000  4.0884242e+000  2.4926810e+000  3.0235087e+000  3.6949525e+000  2.8218387e+000  3.4641876e+000  1.9462778e+000  3.0906347e+000
  2.0000000e+000  4.6463502e+000  5.6607816e+000  1.3489833e+000  3.7396285e+000  3.4346172e+000  1.9577041e+000  4.4849210e+000  2.8167212e+000  3.0203266e+000  1.9133018e+000
  2.0000000e+000  1.6334816e+000  3.1312913e+000  4.2771167e+000  4.6306965e+000  1.6922079e+000  8.8224095e-001  4.4960232e-001  3.6584508e+000  9.4980307e-001  4.2428731e+000
  1.0000000e+000  2.2477598e+000  2.2300942e+000  2.6545350e+000  2.8496987e+000  3.1129647e+000  2.9218042e+000  4.3049228e+000  3.7394289e+000  2.9128822e+000  3.1673810e+000
  2.0000000e+000  2.4779884e+000  3.0217754e+000  4.4633054e+000  2.8276453e+000  3.2745725e+000  3.6824795e+000  2.1975993e+000  2.5559956e+000  2.3731205e+000  2.6202302e+000
  2.0000000e+000  2.1952872e+000  4.4241530e+000  2.3707096e+000  3.6560259e+000  2.2178335e+000  3.3225754e+000  2.3620605e+000  4.1961375e+000  4.1384794e+000  2.1006330e+000
  2.0000000e+000  4.6499052e+000  3.2327851e+000  3.0051891e+000  1.4166591e+000  3.8066124e+000  3.3095699e+000  2.8516492e+000  1.5197226e+000  1.5316959e+000  2.6383111e+000
  2.0000000e+000  2.2553298e+000  5.3842382e+000  1.5103491e+000  3.1135805e+000  1.8351232e+000  1.0092824e+000  4.2202389e+000  2.9401422e+000  3.2573980e+000  3.8151824e+000
  2.0000000e+000  3.5990652e+000  2.8780717e+000  3.4060827e+000  2.4197559e+000  2.0983197e+000  2.7380558e+000  1.8483237e+000  3.7793614e+000  2.0866022e+000  1.3865006e+000
  2.0000000e+000  4.3981113e+000  3.0983638e+000  2.1083076e+000  3.0914707e+000  3.7011375e+000  1.0029435e+000  2.3965500e+000  3.4228457e+000  2.5650551e+000  2.7147942e+000
  2.0000000e+000  3.3749188e+000  5.2105871e+000  2.6630184e+000  3.0255778e+000  1.5547059e+000  2.4901894e+000  1.1987650e+000  1.3149843e+000  4.2456803e+000  4.1081715e+000
  2.0000000e+000  3.9474831e+000  3.0022895e+000  2.5266960e+000  3.1298319e+000  2.5248026e+000  3.6763485e+000  3.4636235e+000  1.9252630e+000  3.6370518e+000  2.4657614e+000
  2.0000000e+000  3.4532418e+000  2.8079134e+000  2.1875641e+000  4.0372027e+000  4.3447564e+000  3.3417072e+000  3.3336467e+000  2.6775464e+000  3.7197564e+000  2.3759854e+000
  1.0000000e+000  3.0166101e+000  2.4570696e+000  2.5967261e+000  1.1497227e+000  1.7456930e+000  2.1556607e+000  3.0959160e+000  4.1762586e+000  3.9279915e+000  3.4615617e+000
  2.0000000e+000  4.0857074e+000  1.8598715e+000  1.7492122e+000  3.8173855e+000  3.2742811e+000  4.5345745e+000  3.4537903e+000  3.6448186e+000  3.0221523e+000  3.8313666e+000
  2.0000000e+000  3.3485508e+000  1.8052616e+000  2.6215662e+000  3.0886497e+000  1.2125825e+000  2.4707640e+000  3.9110947e+000  2.6608018e+000  2.1632307e+000  1.2179131e+000
  1.0000000e+000  3.3240693e+000  3.3331088e+000  3.0044528e+000  3.5910354e+000  3.1607352e+000  2.5624395e+000  2.7052342e+000  3.6153583e+000  3.8978286e+000  3.9450507e+000
  2.0000000e+000  2.9591608e+000  2.8974020e+000  2.1100540e+000  4.8196091e+000  3.5446698e+000  2.5396473e+000  3.0152565e+000  2.2021126e+000  3.3100361e+000  2.9145716e+000
  2.0000000e+000  4.5185960e+000  1.7600603e+000  2.9679901e+000  2.4926742e+000  5.4439107e+000  3.0583638e+000  1.9376150e+000  4.0953741e+000  3.3909460e+000  2.9975711e+000
  2.0000000e+000  3.4693504e+000  4.4426928e+000  3.3063680e+000  3.5184664e+000  3.3277236e+000  2.8609644e+000  2.9126648e+000  1.1617511e+000  3.2351099e+000  2.6096507e+000
  2.0000000e+000  2.5176594e+000  1.7506380e+000  5.2620733e+000  2.4172505e+000  2.3505599e+000  2.7997702e+000  3.7509946e+000  3.9783589e+000  1.6225216e+000  4.0277675e+000
  2.0000000e+000  3.5808649e+000  3.1394770e+000  3.8433335e+000  2.3903492e+000  5.4442401e+000  2.8840407e+000  3.5528615e+000  4.8116576e+000  3.6726477e+000  1.7225941e+000
  1.0000000e+000  3.1105573e+000  2.6660742e+000  1.7695991e+000  2.9206858e+000  2.4245239e+000  2.5242603e+000  2.1920215e+000  1.1115190e+000  2.6151791e+000  3.5811077e+000
  2.0000000e+000  4.5514952e+000  3.6390657e+000  3.3639747e+000  3.2080950e+000  2.9832351e+000  3.3104809e+000  4.3912446e+000  3.8952616e+000  3.1655186e+000  3.6254237e+000
  2.0000000e+000  3.4057203e+000  3.2830656e+000  3.7288214e+000  2.0982265e-001  2.2560546e+000  2.9123022e+000 -2.3789667e-002  4.8518786e+000  3.1976086e+000  3.9773118e+000
  2.0000000e+000  3.3097596e+000  3.5253699e+000  4.1271732e+000  1.9523033e+000  2.1568911e+000  2.6071035e+000  1.5480225e+000  3.8042599e+000  1.1731706e+000  2.3145295e+000
  1.0000000e+000  3.0273116e+000  1.4931947e+000  3.3292390e+000  4.0677250e+000  4.2744271e+000  2.5626766e+000  4.0432922e+000  3.4091325e+000  3.7218887e+000  3.9416447e+000
  2.0000000e+000  2.8224592e+000  2.6729604e+000  4.3555566e+000  3.7984621e+000  2.6789863e+000  3.5203241e+000  2.8696780e+000  3.1385253e+000  1.4532982e+000  2.1943420e+000
  2.0000000e+000  3.5329466e+000  2.6852505e+000  5.0663988e+000  4.2599649e+000  3.6532562e+000  2.7597650e+000  4.8297397e+000  3.5600080e+000  3.5572583e+000  2.4322635e+000
  2.0000000e+000  3.5683098e+000  3.1250585e+000  4.0265546e+000  3.6157554e+000  2.4710919e+000  2.4421170e+000  2.2049930e+000  2.0903630e+000  2.1240835e+000  2.2433406e+000
  2.0000000e+000  2.0062808e+000  4.6114138e+000  3.2149608e+000  2.7864089e+000  2.9634118e+000  2.0073375e+000  2.9382282e+000  3.4313088e+000  2.6431581e+000  2.6872532e+000
  1.0000000e+000  3.2746600e+000  7.5871278e-001  3.8946963e+000  3.7020509e+000  3.9027484e+000  4.1903602e+000  4.1305836e+000  3.7380307e+000  3.4338685e+000  3.1503855e+000
  2.0000000e+000  1.3464658e+000  3.9840919e+000  3.9326949e+000  2.6526518e+000  2.6727604e+000  3.0708769e+000  3.0175317e+000  3.9887258e+000  4.1590777e+000  2.9514045e+000
  2.0000000e+000  3.0973102e+000  4.2950893e+000  2.6983503e+000  1.7521443e+000  5.8767585e-001  3.1473949e+000  3.0716033e+000  3.0088939e+000  3.6235849e+000  2.9034686e+000
  2.0000000e+000  3.8324522e+000  4.4043991e+000  2.2560993e+000  4.3238793e+000  3.6956150e+000  5.6201235e+000  3.8985777e+000  2.2686201e+000  3.6960924e+000  2.0375796e+000
  2.0000000e+000  3.9867010e+000  4.3614020e+000  2.7284131e+000  3.7546697e+000  2.0457065e+000  3.0113001e+000  2.5697125e+000  3.6461563e+000  3.0557417e+000  3.6046604e+000
  2.0000000e+000  4.1650171e+000  2.3039450e+000  3.6475345e+000  3.6609907e+000  1.4724849e+000  4.2894644e+000  2.4842111e+000  2.1725094e+000  2.9412297e+000  4.1343897e+000
  2.0000000e+000  1.0185780e+000  1.1398836e+000  4.3588821e+000  1.9490139e+000  5.7533719e+000  2.9749413e+000  3.2963210e+000  2.7218699e+000  2.5752039e+000  1.8985849e+000
  2.0000000e+000  4.4204118e+000  4.8758930e-001  3.4878865e+000  3.1690985e+000  3.9272645e+000  3.5797029e+000  3.5632148e+000  3.4126087e+000  2.9638518e+000  3.7052508e+000
  2.0000000e+000  2.2983008e+000  1.3402132e+000  2.1237460e+000  3.0406721e+000  2.5417352e+000  2.2064357e+000  3.9492836e+000  4.3176766e+000  4.1815371e+000  3.9100634e+000
  2.0000000e+000  3.8823874e+000  2.9941721e+000  2.6882593e+000  2.5979800e+000  2.7282591e+000  3.5816847e+000  2.7120680e+000  2.3235652e+000  1.3562705e+000  1.5546999e+000
  2.0000000e+000  3.9731083e+000  3.9769693e+000  2.5969640e+000  2.3577360e+000  3.3236276e+000  2.8747664e+000  4.7982310e+000  4.2133185e+000  2.4589258e+000  3.7980614e+000
  2.0000000e+000  4.3572400e+000  3.4697398e+000  4.0834442e+000  1.4824583e+000  4.5333384e+000  3.3089313e+000  2.7367274e+000  2.8142505e+000  3.2095930e+000  2.6895240e+000
  2.0000000e+000  3.6251005e+000  3.3104053e+000  3.2865404e+000  2.6420090e+000  2.7015799e+000  2.3491262e+000  3.3777329e+000  2.6067284e+000  2.2885759e+000  4.2503586e+000
  1.0000000e+000  3.1724673e+000  3.5305399e+000  2.8114653e+000  3.9592796e+000  2.6402498e+000  3.8048921e+000  9.4057021e-001  2.8149343e+000  2.2798898e+000  3.8437703e+000
  2.0000000e+000  4.4548685e+000  1.7518507e+000  4.0173442e+000  4.3079213e+000  4.6381091e+000  1.7585762e+000  2.9368722e+000  3.8484013e+000  2.4546349e+000  4.7055059e+000
  2.0000000e+000  1.9622711e+000  3.0166302e+000  1.5919247e+000  2.8400193e+000  3.8457120e+000  2.9481147e+000  1.4712492e+000  3.5784194e+000  4.5776724e+000  2.4001547e+000
